[[0.00011637]
 [0.00011637]
 [0.00011637]
 [0.00011637]
 [0.00011637]
 [0.00016168]
 [0.00014356]
 [0.00015521]
 [0.00018434]
 [0.00018434]
 [0.00015521]
 [0.00014356]
 [0.00018434]
 [0.00018434]
 [0.00014356]
 [0.00013127]
 [0.00013957]
 [0.00019482]
 [0.00029006]
 [0.00014821]
 [0.00123955]
 [0.00120305]
 [0.00014821]
 [0.001434  ]
 [0.00016254]
 [0.00019189]
 [0.00022333]
 [0.00013957]
 [0.00013957]
 [0.00037734]
 [0.00026611]
 [0.0001578 ]
 [0.00044737]
 [0.00043929]
 [0.00054478]
 [0.00021023]
 [0.00015108]
 [0.00014042]
 [0.00014821]
 [0.00129801]
 [0.00013957]
 [0.00014821]
 [0.00106724]
 [0.00143506]
 [0.00013957]
 [0.00050019]
 [0.00041815]
 [0.00022251]
 [0.00013127]
 [0.00017513]
 [0.00013127]
 [0.0001578 ]
 [0.00017786]
 [0.00021023]
 [0.00028893]
 [0.00013373]
 [0.00015262]
 [0.00020103]
 [0.00014226]
 [0.00041247]
 [0.00590833]
 [0.00015262]
 [0.00054818]
 [0.00013957]
 [0.00037816]
 [0.00017786]
 [0.00014821]
 [0.00014387]
 [0.0001815 ]
 [0.0005069 ]
 [0.00022284]
 [0.00043929]
 [0.00015504]
 [0.00017786]
 [0.00014042]
 [0.00013957]
 [0.00017786]
 [0.00014042]
 [0.00014664]
 [0.00017786]
 [0.00028893]
 [0.00014821]
 [0.00014821]
 [0.00025071]
 [0.00016122]
 [0.00014226]
 [0.00017786]
 [0.00017267]
 [0.00017938]
 [0.00019922]
 [0.00014821]
 [0.00060843]
 [0.00015262]
 [0.0012131 ]
 [0.00014042]
 [0.00192712]
 [0.00017786]
 [0.00014821]
 [0.00017786]
 [0.00015262]
 [0.00014821]
 [0.00013127]
 [0.0001372 ]
 [0.00447185]
 [0.00049159]
 [0.00026611]
 [0.00014226]
 [0.00015504]
 [0.0004704 ]
 [0.00014821]
 [0.00014821]
 [0.00014042]
 [0.00029641]
 [0.00053871]
 [0.00014042]
 [0.00053871]
 [0.00017786]
 [0.00022251]
 [0.00028935]
 [0.0001815 ]
 [0.00028935]
 [0.00580724]
 [0.00013127]
 [0.00023693]
 [0.00014042]
 [0.00048503]
 [0.00015262]
 [0.00021746]
 [0.0001578 ]
 [0.00074034]
 [0.00022333]
 [0.00014821]
 [0.00026736]
 [0.00130121]
 [0.00021746]
 [0.00036737]
 [0.0002179 ]
 [0.0001815 ]
 [0.00015504]
 [0.00015049]
 [0.00067871]
 [0.00040909]
 [0.00029994]
 [0.00014821]
 [0.00014387]
 [0.00015262]
 [0.00021746]
 [0.00183349]
 [0.00013957]
 [0.00013127]
 [0.00013127]
 [0.00087972]
 [0.00029006]
 [0.00035636]
 [0.00014042]
 [0.00014664]
 [0.00029641]
 [0.0001578 ]
 [0.00018116]
 [0.0003792 ]
 [0.00015262]
 [0.00044486]
 [0.00014821]
 [0.00035371]
 [0.00013127]
 [0.00053871]
 [0.00055038]
 [0.00025359]
 [0.00014821]
 [0.00013957]
 [0.00034313]
 [0.00029006]
 [0.00013957]
 [0.00025475]
 [0.00013127]
 [0.00014042]
 [0.00014821]
 [0.00020997]
 [0.00014042]
 [0.00014226]
 [0.00028546]
 [0.00014042]
 [0.00015049]
 [0.00022509]
 [0.00264375]
 [0.00014042]
 [0.00050019]
 [0.00018915]
 [0.00066771]
 [0.00013957]
 [0.00040707]
 [0.00026611]
 [0.00026012]
 [0.00015507]
 [0.00014226]
 [0.0001578 ]
 [0.0001815 ]
 [0.00022251]
 [0.00021476]
 [0.00021303]
 [0.00022333]
 [0.00059852]
 [0.00013373]
 [0.00106692]
 [0.00015504]
 [0.00014821]
 [0.00037816]
 [0.00013127]
 [0.0001419 ]
 [0.00014821]
 [0.00014821]
 [0.00273917]
 [0.00014042]
 [0.00013127]
 [0.00017786]
 [0.00064643]
 [0.00030448]
 [0.00015262]
 [0.00034415]
 [0.00014042]
 [0.00029641]
 [0.00026611]
 [0.0002372 ]
 [0.00017912]
 [0.00015049]
 [0.00018143]
 [0.00025187]
 [0.0001815 ]
 [0.00014664]
 [0.00015262]
 [0.00013127]
 [0.00037816]
 [0.00021023]
 [0.00018116]
 [0.00034415]
 [0.00014241]
 [0.00015504]
 [0.00015049]
 [0.00014226]
 [0.0001815 ]
 [0.0001578 ]
 [0.0001815 ]
 [0.00013957]
 [0.00031662]
 [0.00015049]
 [0.00018143]
 [0.00014664]
 [0.00014821]
 [0.00117542]
 [0.00013127]
 [0.00040909]
 [0.00014821]
 [0.00042555]
 [0.00014042]
 [0.00013957]
 [0.00035998]
 [0.0001815 ]
 [0.00029697]
 [0.00054818]
 [0.00015504]
 [0.00013373]
 [0.0001815 ]
 [0.00013957]
 [0.00064395]
 [0.00084451]
 [0.00014664]
 [0.00026611]
 [0.0001419 ]
 [0.00013957]
 [0.0001578 ]
 [0.00014226]
 [0.0001815 ]
 [0.00067171]
 [0.00040909]
 [0.00013127]
 [0.00024727]
 [0.00102262]
 [0.00035371]
 [0.00049216]
 [0.00014042]
 [0.00017786]
 [0.00245061]
 [0.00014042]
 [0.00013373]
 [0.00017147]
 [0.00015504]
 [0.00129801]
 [0.00018116]
 [0.00015262]
 [0.0001578 ]
 [0.00055665]
 [0.00014226]
 [0.00014042]
 [0.00014821]
 [0.00015504]
 [0.00034415]
 [0.00025082]
 [0.0001815 ]
 [0.0002615 ]
 [0.00067516]
 [0.00108513]
 [0.0001578 ]
 [0.00016122]
 [0.00014821]
 [0.00014226]
 [0.00020359]
 [0.00050295]
 [0.00014821]
 [0.00021382]
 [0.00013127]
 [0.00021746]
 [0.00014226]
 [0.00013127]
 [0.00013373]
 [0.00024341]
 [0.00013957]
 [0.00021746]
 [0.00015504]
 [0.00013957]
 [0.00020997]
 [0.00035232]
 [0.0001578 ]
 [0.00044126]
 [0.0001578 ]
 [0.00283297]
 [0.00067705]
 [0.00103985]
 [0.00013957]
 [0.00014042]
 [0.00043929]
 [0.00070934]
 [0.00037734]
 [0.00014821]
 [0.00015049]
 [0.0001815 ]
 [0.00034415]
 [0.00018116]
 [0.00015049]
 [0.00014821]
 [0.00014821]
 [0.00029641]
 [0.00015049]
 [0.00025   ]
 [0.00030448]
 [0.00029641]
 [0.0001815 ]
 [0.00017786]
 [0.00253697]
 [0.00019922]
 [0.00053871]
 [0.00030448]
 [0.00014821]
 [0.00021143]
 [0.00015504]
 [0.00015262]
 [0.00013957]
 [0.00014821]
 [0.00015049]
 [0.00015507]
 [0.00015049]
 [0.00013957]
 [0.00015262]
 [0.00107173]
 [0.00014226]
 [0.00014821]
 [0.00017786]
 [0.00029641]
 [0.00015049]
 [0.00031082]
 [0.00014226]
 [0.00014042]
 [0.00081744]
 [0.00015504]
 [0.00013127]
 [0.00013127]
 [0.00015504]
 [0.00013957]
 [0.00015262]
 [0.00015049]
 [0.00038842]
 [0.00099223]
 [0.00015049]
 [0.00029641]
 [0.0001815 ]
 [0.00036147]
 [0.00100136]
 [0.00017786]
 [0.00015504]
 [0.00024727]
 [0.00036573]
 [0.00013127]
 [0.00029641]
 [0.00014821]
 [0.00021382]
 [0.00021382]
 [0.00026611]
 [0.00014226]
 [0.00037988]
 [0.00041815]
 [0.0001815 ]
 [0.000181  ]
 [0.00014821]
 [0.00014821]
 [0.00050443]
 [0.0001815 ]
 [0.00032631]
 [0.00037816]
 [0.00036147]
 [0.00014226]
 [0.00021746]
 [0.00049216]
 [0.00025752]
 [0.00090346]
 [0.00021476]
 [0.00031196]
 [0.00040909]
 [0.0001578 ]
 [0.00014821]
 [0.00029641]
 [0.00018143]
 [0.00022284]
 [0.0002179 ]
 [0.00013957]
 [0.00044737]
 [0.0001419 ]
 [0.00017912]
 [0.00014821]
 [0.00021746]
 [0.00016601]
 [0.00014821]
 [0.00017786]
 [0.00015049]
 [0.00098062]
 [0.00014042]
 [0.00049216]
 [0.00056022]
 [0.00014226]
 [0.00014821]
 [0.00052546]
 [0.00040909]
 [0.00013957]
 [0.00013957]
 [0.0001372 ]
 [0.00056022]
 [0.0003353 ]
 [0.00014226]
 [0.00014226]
 [0.00019189]
 [0.00014679]
 [0.00014042]
 [0.00017166]
 [0.00015262]
 [0.00015049]
 [0.00104956]
 [0.00014042]
 [0.00014042]
 [0.00092222]
 [0.00014042]
 [0.000473  ]
 [0.00013127]
 [0.00014821]
 [0.00014226]
 [0.0003474 ]
 [0.0001578 ]
 [0.00014226]
 [0.00037816]
 [0.00017786]
 [0.00053303]
 [0.00044486]]