[[0.  ]
 [0.  ]
 [0.  ]
 [0.  ]
 [0.  ]
 [0.  ]
 [0.  ]
 [0.  ]
 [0.  ]
 [0.  ]
 [0.  ]
 [0.  ]
 [0.  ]
 [0.  ]
 [0.  ]
 [0.  ]
 [0.  ]
 [0.  ]
 [0.  ]
 [0.  ]
 [0.  ]
 [0.  ]
 [0.  ]
 [0.  ]
 [0.  ]
 [0.  ]
 [0.  ]
 [0.  ]
 [0.  ]
 [0.  ]
 [0.  ]
 [0.  ]
 [0.  ]
 [0.  ]
 [0.  ]
 [0.  ]
 [0.17]
 [0.14]
 [0.  ]
 [0.  ]
 [0.  ]
 [0.  ]
 [0.  ]
 [0.  ]
 [0.  ]
 [0.  ]
 [0.  ]
 [0.  ]
 [0.  ]
 [0.  ]
 [0.  ]
 [0.  ]
 [0.  ]
 [0.  ]
 [0.  ]
 [0.11]
 [0.  ]
 [0.13]
 [0.  ]
 [0.  ]
 [0.  ]
 [0.  ]
 [0.  ]
 [0.  ]
 [0.  ]
 [0.  ]
 [0.  ]
 [0.  ]
 [0.  ]
 [0.  ]
 [0.  ]
 [0.  ]
 [0.  ]
 [0.  ]
 [0.  ]
 [0.  ]
 [0.  ]
 [0.  ]
 [0.  ]
 [0.  ]
 [0.11]
 [0.  ]
 [0.  ]
 [0.  ]
 [0.11]
 [0.  ]
 [0.  ]
 [0.  ]
 [0.  ]
 [0.  ]
 [0.  ]
 [0.  ]
 [0.  ]
 [0.  ]
 [0.14]
 [0.  ]
 [0.  ]
 [0.  ]
 [0.  ]
 [0.  ]
 [0.  ]
 [0.  ]
 [0.1 ]
 [0.  ]
 [0.  ]
 [0.  ]
 [0.  ]
 [0.  ]
 [0.  ]
 [0.  ]
 [0.  ]
 [0.  ]
 [0.  ]
 [0.  ]
 [0.17]
 [0.  ]
 [0.  ]
 [0.  ]
 [0.  ]
 [0.  ]
 [0.  ]
 [0.  ]
 [0.  ]
 [0.  ]
 [0.  ]
 [0.  ]
 [0.  ]
 [0.  ]
 [0.  ]
 [0.1 ]
 [0.  ]
 [0.  ]
 [0.  ]
 [0.14]
 [0.  ]
 [0.  ]
 [0.  ]
 [0.  ]
 [0.  ]
 [0.  ]
 [0.1 ]
 [0.  ]
 [0.  ]
 [0.  ]
 [0.  ]
 [0.  ]
 [0.  ]
 [0.1 ]
 [0.  ]
 [0.  ]
 [0.  ]
 [0.  ]
 [0.  ]
 [0.  ]
 [0.  ]
 [0.  ]
 [0.  ]
 [0.  ]
 [0.  ]
 [0.  ]
 [0.  ]
 [0.  ]
 [0.  ]
 [0.  ]
 [0.  ]
 [0.  ]
 [0.  ]
 [0.  ]
 [0.  ]
 [0.  ]
 [0.  ]
 [0.  ]
 [0.  ]
 [0.11]
 [0.  ]
 [0.19]
 [0.  ]
 [0.  ]
 [0.15]
 [0.  ]
 [0.  ]
 [0.17]
 [0.  ]
 [0.12]
 [0.14]
 [0.15]
 [0.  ]
 [0.  ]
 [0.  ]
 [0.  ]
 [0.  ]
 [0.  ]
 [0.  ]
 [0.  ]
 [0.  ]
 [0.  ]
 [0.  ]
 [0.  ]
 [0.  ]
 [0.  ]
 [0.  ]
 [0.  ]
 [0.  ]
 [0.  ]
 [0.  ]
 [0.  ]
 [0.  ]
 [0.  ]
 [0.  ]
 [0.  ]
 [0.  ]
 [0.14]
 [0.  ]
 [0.  ]
 [0.  ]
 [0.  ]
 [0.  ]
 [0.  ]
 [0.  ]
 [0.  ]
 [0.  ]
 [0.  ]
 [0.  ]
 [0.15]
 [0.  ]
 [0.  ]
 [0.  ]
 [0.  ]
 [0.  ]
 [0.  ]
 [0.  ]
 [0.  ]
 [0.  ]
 [0.  ]
 [0.  ]
 [0.14]
 [0.  ]
 [0.  ]
 [0.  ]
 [0.  ]
 [0.  ]
 [0.  ]
 [0.  ]
 [0.  ]
 [0.  ]
 [0.  ]
 [0.  ]
 [0.  ]
 [0.1 ]
 [0.  ]
 [0.  ]
 [0.  ]
 [0.  ]
 [0.17]
 [0.  ]
 [0.  ]
 [0.  ]
 [0.  ]
 [0.  ]
 [0.  ]
 [0.11]
 [0.  ]
 [0.  ]
 [0.  ]
 [0.  ]
 [0.  ]
 [0.  ]
 [0.  ]
 [0.  ]
 [0.  ]
 [0.  ]
 [0.  ]
 [0.  ]
 [0.19]
 [0.  ]
 [0.  ]
 [0.  ]
 [0.  ]
 [0.  ]
 [0.  ]
 [0.  ]
 [0.  ]
 [0.15]
 [0.11]
 [0.16]
 [0.  ]
 [0.  ]
 [0.  ]
 [0.  ]
 [0.  ]
 [0.  ]
 [0.  ]
 [0.18]
 [0.  ]
 [0.  ]
 [0.  ]
 [0.17]
 [0.  ]
 [0.17]
 [0.  ]
 [0.  ]
 [0.  ]
 [0.11]
 [0.  ]
 [0.  ]
 [0.  ]
 [0.  ]
 [0.  ]
 [0.  ]
 [0.  ]
 [0.  ]
 [0.  ]
 [0.  ]
 [0.  ]
 [0.12]
 [0.  ]
 [0.  ]
 [0.  ]
 [0.  ]
 [0.  ]
 [0.  ]
 [0.  ]
 [0.  ]
 [0.  ]
 [0.17]
 [0.16]
 [0.  ]
 [0.  ]
 [0.  ]
 [0.  ]
 [0.  ]
 [0.  ]
 [0.  ]
 [0.  ]
 [0.  ]
 [0.  ]
 [0.  ]
 [0.  ]
 [0.  ]
 [0.  ]
 [0.  ]
 [0.  ]
 [0.  ]
 [0.  ]
 [0.  ]
 [0.  ]
 [0.  ]
 [0.15]
 [0.  ]
 [0.  ]
 [0.  ]
 [0.  ]
 [0.  ]
 [0.  ]
 [0.  ]
 [0.  ]
 [0.  ]
 [0.  ]
 [0.  ]
 [0.  ]
 [0.  ]
 [0.  ]
 [0.  ]
 [0.  ]
 [0.  ]
 [0.  ]
 [0.  ]
 [0.  ]
 [0.  ]
 [0.  ]
 [0.15]
 [0.  ]
 [0.  ]
 [0.  ]
 [0.  ]
 [0.  ]
 [0.  ]
 [0.  ]
 [0.  ]
 [0.  ]
 [0.09]
 [0.  ]
 [0.  ]
 [0.  ]
 [0.  ]
 [0.  ]
 [0.  ]
 [0.  ]
 [0.  ]
 [0.  ]
 [0.  ]
 [0.  ]
 [0.  ]
 [0.  ]
 [0.  ]
 [0.  ]
 [0.  ]
 [0.  ]
 [0.  ]
 [0.  ]
 [0.  ]
 [0.  ]
 [0.  ]
 [0.  ]
 [0.  ]
 [0.  ]
 [0.  ]
 [0.  ]
 [0.  ]
 [0.  ]
 [0.  ]
 [0.18]
 [0.  ]
 [0.  ]
 [0.  ]
 [0.16]
 [0.  ]
 [0.  ]
 [0.  ]
 [0.  ]
 [0.  ]
 [0.  ]
 [0.  ]
 [0.  ]
 [0.  ]
 [0.15]
 [0.  ]
 [0.  ]
 [0.  ]
 [0.  ]
 [0.  ]
 [0.  ]
 [0.  ]
 [0.  ]
 [0.  ]
 [0.  ]
 [0.  ]
 [0.  ]
 [0.  ]
 [0.15]
 [0.  ]
 [0.  ]
 [0.13]
 [0.  ]
 [0.  ]
 [0.  ]
 [0.  ]
 [0.  ]
 [0.  ]
 [0.17]
 [0.  ]
 [0.  ]
 [0.  ]
 [0.  ]
 [0.  ]
 [0.16]
 [0.  ]
 [0.12]
 [0.  ]
 [0.  ]
 [0.  ]
 [0.  ]
 [0.  ]
 [0.  ]
 [0.  ]
 [0.  ]
 [0.  ]
 [0.  ]
 [0.  ]]