 [[0.  ]
 [0.  ]
 [0.  ]
 [0.  ]
 [0.  ]
 [0.  ]
 [0.  ]
 [0.  ]
 [0.  ]
 [0.  ]
 [0.  ]
 [0.  ]
 [0.  ]
 [0.  ]
 [0.  ]
 [0.01]
 [0.  ]
 [0.03]
 [0.  ]
 [0.  ]
 [0.  ]
 [0.  ]
 [0.  ]
 [0.  ]
 [0.02]
 [0.  ]
 [0.  ]
 [0.  ]
 [0.  ]
 [0.  ]
 [0.  ]
 [0.  ]
 [0.  ]
 [0.  ]
 [0.  ]
 [0.01]
 [0.01]
 [0.01]
 [0.  ]
 [0.  ]
 [0.  ]
 [0.  ]
 [0.  ]
 [0.  ]
 [0.  ]
 [0.  ]
 [0.  ]
 [0.02]
 [0.01]
 [0.03]
 [0.01]
 [0.  ]
 [0.  ]
 [0.01]
 [0.04]
 [0.01]
 [0.  ]
 [0.02]
 [0.  ]
 [0.  ]
 [0.49]
 [0.  ]
 [0.  ]
 [0.  ]
 [0.  ]
 [0.  ]
 [0.  ]
 [0.01]
 [0.  ]
 [0.  ]
 [0.  ]
 [0.  ]
 [0.  ]
 [0.  ]
 [0.01]
 [0.  ]
 [0.  ]
 [0.01]
 [0.01]
 [0.  ]
 [0.04]
 [0.  ]
 [0.  ]
 [0.  ]
 [0.02]
 [0.  ]
 [0.  ]
 [0.03]
 [0.  ]
 [0.  ]
 [0.  ]
 [0.  ]
 [0.  ]
 [0.  ]
 [0.01]
 [0.  ]
 [0.  ]
 [0.  ]
 [0.  ]
 [0.  ]
 [0.  ]
 [0.01]
 [0.01]
 [0.29]
 [0.  ]
 [0.  ]
 [0.  ]
 [0.  ]
 [0.  ]
 [0.  ]
 [0.  ]
 [0.01]
 [0.  ]
 [0.  ]
 [0.01]
 [0.  ]
 [0.  ]
 [0.02]
 [0.  ]
 [0.  ]
 [0.  ]
 [0.48]
 [0.01]
 [0.  ]
 [0.01]
 [0.  ]
 [0.  ]
 [0.01]
 [0.  ]
 [0.02]
 [0.  ]
 [0.  ]
 [0.03]
 [0.14]
 [0.01]
 [0.  ]
 [0.  ]
 [0.  ]
 [0.  ]
 [0.  ]
 [0.05]
 [0.01]
 [0.  ]
 [0.  ]
 [0.01]
 [0.  ]
 [0.01]
 [0.19]
 [0.  ]
 [0.01]
 [0.01]
 [0.  ]
 [0.  ]
 [0.08]
 [0.01]
 [0.01]
 [0.  ]
 [0.  ]
 [0.01]
 [0.07]
 [0.  ]
 [0.  ]
 [0.  ]
 [0.05]
 [0.01]
 [0.  ]
 [0.  ]
 [0.  ]
 [0.  ]
 [0.  ]
 [0.01]
 [0.  ]
 [0.  ]
 [0.03]
 [0.01]
 [0.01]
 [0.  ]
 [0.02]
 [0.01]
 [0.  ]
 [0.02]
 [0.01]
 [0.  ]
 [0.03]
 [0.25]
 [0.01]
 [0.  ]
 [0.  ]
 [0.  ]
 [0.  ]
 [0.  ]
 [0.  ]
 [0.04]
 [0.01]
 [0.  ]
 [0.  ]
 [0.  ]
 [0.02]
 [0.  ]
 [0.  ]
 [0.  ]
 [0.  ]
 [0.01]
 [0.  ]
 [0.  ]
 [0.  ]
 [0.  ]
 [0.01]
 [0.01]
 [0.  ]
 [0.  ]
 [0.29]
 [0.01]
 [0.01]
 [0.  ]
 [0.06]
 [0.  ]
 [0.  ]
 [0.  ]
 [0.01]
 [0.  ]
 [0.  ]
 [0.  ]
 [0.02]
 [0.  ]
 [0.  ]
 [0.  ]
 [0.  ]
 [0.01]
 [0.  ]
 [0.01]
 [0.  ]
 [0.01]
 [0.01]
 [0.  ]
 [0.01]
 [0.  ]
 [0.  ]
 [0.  ]
 [0.  ]
 [0.  ]
 [0.  ]
 [0.  ]
 [0.  ]
 [0.  ]
 [0.  ]
 [0.01]
 [0.  ]
 [0.02]
 [0.01]
 [0.01]
 [0.  ]
 [0.  ]
 [0.01]
 [0.  ]
 [0.  ]
 [0.  ]
 [0.  ]
 [0.  ]
 [0.  ]
 [0.01]
 [0.  ]
 [0.  ]
 [0.  ]
 [0.  ]
 [0.01]
 [0.  ]
 [0.01]
 [0.  ]
 [0.  ]
 [0.  ]
 [0.  ]
 [0.  ]
 [0.01]
 [0.01]
 [0.  ]
 [0.  ]
 [0.05]
 [0.  ]
 [0.01]
 [0.  ]
 [0.25]
 [0.01]
 [0.01]
 [0.01]
 [0.  ]
 [0.  ]
 [0.01]
 [0.  ]
 [0.  ]
 [0.  ]
 [0.  ]
 [0.01]
 [0.  ]
 [0.  ]
 [0.  ]
 [0.04]
 [0.  ]
 [0.04]
 [0.  ]
 [0.  ]
 [0.  ]
 [0.02]
 [0.  ]
 [0.  ]
 [0.  ]
 [0.  ]
 [0.  ]
 [0.  ]
 [0.01]
 [0.01]
 [0.  ]
 [0.01]
 [0.01]
 [0.05]
 [0.  ]
 [0.01]
 [0.  ]
 [0.  ]
 [0.02]
 [0.  ]
 [0.  ]
 [0.  ]
 [0.  ]
 [0.22]
 [0.07]
 [0.  ]
 [0.  ]
 [0.01]
 [0.  ]
 [0.  ]
 [0.  ]
 [0.  ]
 [0.  ]
 [0.  ]
 [0.  ]
 [0.01]
 [0.  ]
 [0.  ]
 [0.  ]
 [0.  ]
 [0.  ]
 [0.02]
 [0.  ]
 [0.  ]
 [0.  ]
 [0.  ]
 [0.22]
 [0.  ]
 [0.  ]
 [0.  ]
 [0.  ]
 [0.02]
 [0.  ]
 [0.  ]
 [0.  ]
 [0.  ]
 [0.  ]
 [0.01]
 [0.  ]
 [0.  ]
 [0.  ]
 [0.  ]
 [0.  ]
 [0.  ]
 [0.  ]
 [0.  ]
 [0.  ]
 [0.  ]
 [0.  ]
 [0.01]
 [0.  ]
 [0.  ]
 [0.01]
 [0.01]
 [0.  ]
 [0.  ]
 [0.  ]
 [0.  ]
 [0.  ]
 [0.08]
 [0.  ]
 [0.  ]
 [0.  ]
 [0.  ]
 [0.  ]
 [0.  ]
 [0.  ]
 [0.  ]
 [0.  ]
 [0.01]
 [0.  ]
 [0.  ]
 [0.  ]
 [0.  ]
 [0.  ]
 [0.  ]
 [0.  ]
 [0.  ]
 [0.  ]
 [0.  ]
 [0.  ]
 [0.  ]
 [0.06]
 [0.  ]
 [0.  ]
 [0.  ]
 [0.  ]
 [0.  ]
 [0.01]
 [0.  ]
 [0.04]
 [0.  ]
 [0.  ]
 [0.04]
 [0.01]
 [0.  ]
 [0.  ]
 [0.  ]
 [0.  ]
 [0.  ]
 [0.  ]
 [0.  ]
 [0.  ]
 [0.01]
 [0.02]
 [0.  ]
 [0.01]
 [0.02]
 [0.  ]
 [0.  ]
 [0.  ]
 [0.  ]
 [0.01]
 [0.  ]
 [0.  ]
 [0.  ]
 [0.  ]
 [0.  ]
 [0.01]
 [0.  ]
 [0.  ]
 [0.01]
 [0.  ]
 [0.  ]
 [0.  ]
 [0.  ]
 [0.  ]
 [0.  ]
 [0.01]
 [0.03]
 [0.  ]
 [0.  ]
 [0.  ]
 [0.01]
 [0.01]
 [0.  ]
 [0.01]
 [0.  ]
 [0.01]
 [0.  ]
 [0.  ]
 [0.  ]
 [0.  ]
 [0.  ]
 [0.  ]
 [0.  ]
 [0.  ]
 [0.  ]]